Workshop
optional=1:1[100,10,]{}|1:2[200,20,21,]{}|1:3[300,30,31,32,33,]{}|1:4[400,40,41,42,43,44,45,46,47,]{}|
outgoing=1:2[200,20,21,]{}|1:3[300,30,31,32,33,]{}|
incoming=1:1[100,10,]{}|
with-out=1:2[200,20,21,]{}|1:3[300,30,31,32,33,]{}|
without-out=1:1[100,10,]{}|1:4[400,40,41,42,43,44,45,46,47,]{}|
with-in=1:1[100,10,]{}|
without-in=1:2[200,20,21,]{}|1:3[300,30,31,32,33,]{}|1:4[400,40,41,42,43,44,45,46,47,]{}|
multi=1:3[300,30,31,32,33,]{}|
cross-filters=1:1[100,10,]{}|1:4[400,40,41,42,43,44,45,46,47,]{}|
empty=1:1[100,10,]{}|1:2[200,20,21,]{}|1:3[300,30,31,32,33,]{}|1:4[400,40,41,42,43,44,45,46,47,]{}|
owners=100,10,;200,20,21,;300,30,31,32,33,;400,40,41,42,43,44,45,46,47,;|3,2,5,:|events=|meta=1,6,5,8,3,77,2,0|pending=0
Other
optional=1:1[100,10,]{}|1:2[200,20,21,]{}|1:3[300,30,31,32,33,]{}|1:4[400,40,41,42,43,44,45,46,47,]{}|
outgoing=1:2[200,20,21,]{}|1:3[300,30,31,32,33,]{}|
incoming=1:1[100,10,]{}|
with-out=1:2[200,20,21,]{}|1:3[300,30,31,32,33,]{}|
without-out=1:1[100,10,]{}|1:4[400,40,41,42,43,44,45,46,47,]{}|
with-in=1:1[100,10,]{}|
without-in=1:2[200,20,21,]{}|1:3[300,30,31,32,33,]{}|1:4[400,40,41,42,43,44,45,46,47,]{}|
multi=1:3[300,30,31,32,33,]{}|
cross-filters=1:1[100,10,]{}|1:4[400,40,41,42,43,44,45,46,47,]{}|
empty=1:1[100,10,]{}|1:2[200,20,21,]{}|1:3[300,30,31,32,33,]{}|1:4[400,40,41,42,43,44,45,46,47,]{}|
owners=100,10,;200,20,21,;300,30,31,32,33,;400,40,41,42,43,44,45,46,47,;|3,2,5,:|events=|meta=1,6,5,8,3,77,2,0|pending=0
