d0-Required:7:999|1:0:1|1000@1|101000@101|1|1|100|200|999000@999|123|7:1;end
d0-Present:7:999|1:0:1|1000@1|101000@101|1|1|100|200|999000@999|123|7:1;end
d0-Absent:7:999|1:0:1|1000@1|101000@101|1|1|100|200|999000@999|123|end
d0-Optional:7:999|1:0:1|1000@1|101000@101|1|1|100|200|999000@999|123|7:1;end
d1-Required:7:999|2:1:1|((1000,1001)@1,none)|((101000,101001)@101,(102000,102001)@102)|(1,1)|(1,0)|(100,101)|(200,201)|(999000,999001)@999|123|7:1;end
d1-Present:7:999|2:1:1|((1000,1001)@1,none)|((101000,101001)@101,(102000,102001)@102)|(1,1)|(1,0)|(100,101)|(200,201)|(999000,999001)@999|123|7:1;end
d1-Absent:7:999|2:1:1|((1000,1001)@1,none)|((101000,101001)@101,(102000,102001)@102)|(1,1)|(1,0)|(100,101)|(200,201)|(999000,999001)@999|123|end
d1-Optional:7:999|2:1:1|((1000,1001)@1,none)|((101000,101001)@101,(102000,102001)@102)|(1,1)|(1,0)|(100,101)|(200,201)|(999000,999001)@999|123|7:1;end
d2-Required:7:999|4:2:3|((((1000,1001),(1002,1003))@1,none),(((3000,3001),(3002,3003))@3,((4000,4001),(4002,4003))@4))|((((101000,101001),(101002,101003))@101,((102000,102001),(102002,102003))@102),(((103000,103001),(103002,103003))@103,((104000,104001),(104002,104003))@104))|((1,1),(0,1))|((1,0),(1,0))|((100,101),(102,103))|((200,201),(202,203))|((999000,999001),(999002,999003))@999|123|7:1;end
d2-Present:7:999|4:2:3|((((1000,1001),(1002,1003))@1,none),(((3000,3001),(3002,3003))@3,((4000,4001),(4002,4003))@4))|((((101000,101001),(101002,101003))@101,((102000,102001),(102002,102003))@102),(((103000,103001),(103002,103003))@103,((104000,104001),(104002,104003))@104))|((1,1),(0,1))|((1,0),(1,0))|((100,101),(102,103))|((200,201),(202,203))|((999000,999001),(999002,999003))@999|123|7:1;end
d2-Absent:7:999|4:2:3|((((1000,1001),(1002,1003))@1,none),(((3000,3001),(3002,3003))@3,((4000,4001),(4002,4003))@4))|((((101000,101001),(101002,101003))@101,((102000,102001),(102002,102003))@102),(((103000,103001),(103002,103003))@103,((104000,104001),(104002,104003))@104))|((1,1),(0,1))|((1,0),(1,0))|((100,101),(102,103))|((200,201),(202,203))|((999000,999001),(999002,999003))@999|123|end
d2-Optional:7:999|4:2:3|((((1000,1001),(1002,1003))@1,none),(((3000,3001),(3002,3003))@3,((4000,4001),(4002,4003))@4))|((((101000,101001),(101002,101003))@101,((102000,102001),(102002,102003))@102),(((103000,103001),(103002,103003))@103,((104000,104001),(104002,104003))@104))|((1,1),(0,1))|((1,0),(1,0))|((100,101),(102,103))|((200,201),(202,203))|((999000,999001),(999002,999003))@999|123|7:1;end
d3-Required:7:999|8:3:7|((((((1000,1001),(1002,1003)),((1004,1005),(1006,1007)))@1,none),((((3000,3001),(3002,3003)),((3004,3005),(3006,3007)))@3,(((4000,4001),(4002,4003)),((4004,4005),(4006,4007)))@4)),(((((5000,5001),(5002,5003)),((5004,5005),(5006,5007)))@5,(((6000,6001),(6002,6003)),((6004,6005),(6006,6007)))@6),((((7000,7001),(7002,7003)),((7004,7005),(7006,7007)))@7,(((8000,8001),(8002,8003)),((8004,8005),(8006,8007)))@8)))|((((((101000,101001),(101002,101003)),((101004,101005),(101006,101007)))@101,(((102000,102001),(102002,102003)),((102004,102005),(102006,102007)))@102),((((103000,103001),(103002,103003)),((103004,103005),(103006,103007)))@103,(((104000,104001),(104002,104003)),((104004,104005),(104006,104007)))@104)),(((((105000,105001),(105002,105003)),((105004,105005),(105006,105007)))@105,(((106000,106001),(106002,106003)),((106004,106005),(106006,106007)))@106),((((107000,107001),(107002,107003)),((107004,107005),(107006,107007)))@107,(((108000,108001),(108002,108003)),((108004,108005),(108006,108007)))@108)))|(((1,1),(0,1)),((1,1),(1,1)))|(((1,0),(1,0)),((1,0),(1,0)))|(((100,101),(102,103)),((104,105),(106,107)))|(((200,201),(202,203)),((204,205),(206,207)))|(((999000,999001),(999002,999003)),((999004,999005),(999006,999007)))@999|123|7:1;7:4;7:5;7:6;7:7;end
d3-Present:7:999|8:3:7|((((((1000,1001),(1002,1003)),((1004,1005),(1006,1007)))@1,none),((((3000,3001),(3002,3003)),((3004,3005),(3006,3007)))@3,(((4000,4001),(4002,4003)),((4004,4005),(4006,4007)))@4)),(((((5000,5001),(5002,5003)),((5004,5005),(5006,5007)))@5,(((6000,6001),(6002,6003)),((6004,6005),(6006,6007)))@6),((((7000,7001),(7002,7003)),((7004,7005),(7006,7007)))@7,(((8000,8001),(8002,8003)),((8004,8005),(8006,8007)))@8)))|((((((101000,101001),(101002,101003)),((101004,101005),(101006,101007)))@101,(((102000,102001),(102002,102003)),((102004,102005),(102006,102007)))@102),((((103000,103001),(103002,103003)),((103004,103005),(103006,103007)))@103,(((104000,104001),(104002,104003)),((104004,104005),(104006,104007)))@104)),(((((105000,105001),(105002,105003)),((105004,105005),(105006,105007)))@105,(((106000,106001),(106002,106003)),((106004,106005),(106006,106007)))@106),((((107000,107001),(107002,107003)),((107004,107005),(107006,107007)))@107,(((108000,108001),(108002,108003)),((108004,108005),(108006,108007)))@108)))|(((1,1),(0,1)),((1,1),(1,1)))|(((1,0),(1,0)),((1,0),(1,0)))|(((100,101),(102,103)),((104,105),(106,107)))|(((200,201),(202,203)),((204,205),(206,207)))|(((999000,999001),(999002,999003)),((999004,999005),(999006,999007)))@999|123|7:1;7:5;7:7;end
d3-Absent:7:999|8:3:7|((((((1000,1001),(1002,1003)),((1004,1005),(1006,1007)))@1,none),((((3000,3001),(3002,3003)),((3004,3005),(3006,3007)))@3,(((4000,4001),(4002,4003)),((4004,4005),(4006,4007)))@4)),(((((5000,5001),(5002,5003)),((5004,5005),(5006,5007)))@5,(((6000,6001),(6002,6003)),((6004,6005),(6006,6007)))@6),((((7000,7001),(7002,7003)),((7004,7005),(7006,7007)))@7,(((8000,8001),(8002,8003)),((8004,8005),(8006,8007)))@8)))|((((((101000,101001),(101002,101003)),((101004,101005),(101006,101007)))@101,(((102000,102001),(102002,102003)),((102004,102005),(102006,102007)))@102),((((103000,103001),(103002,103003)),((103004,103005),(103006,103007)))@103,(((104000,104001),(104002,104003)),((104004,104005),(104006,104007)))@104)),(((((105000,105001),(105002,105003)),((105004,105005),(105006,105007)))@105,(((106000,106001),(106002,106003)),((106004,106005),(106006,106007)))@106),((((107000,107001),(107002,107003)),((107004,107005),(107006,107007)))@107,(((108000,108001),(108002,108003)),((108004,108005),(108006,108007)))@108)))|(((1,1),(0,1)),((1,1),(1,1)))|(((1,0),(1,0)),((1,0),(1,0)))|(((100,101),(102,103)),((104,105),(106,107)))|(((200,201),(202,203)),((204,205),(206,207)))|(((999000,999001),(999002,999003)),((999004,999005),(999006,999007)))@999|123|7:4;7:6;end
d3-Optional:7:999|8:3:7|((((((1000,1001),(1002,1003)),((1004,1005),(1006,1007)))@1,none),((((3000,3001),(3002,3003)),((3004,3005),(3006,3007)))@3,(((4000,4001),(4002,4003)),((4004,4005),(4006,4007)))@4)),(((((5000,5001),(5002,5003)),((5004,5005),(5006,5007)))@5,(((6000,6001),(6002,6003)),((6004,6005),(6006,6007)))@6),((((7000,7001),(7002,7003)),((7004,7005),(7006,7007)))@7,(((8000,8001),(8002,8003)),((8004,8005),(8006,8007)))@8)))|((((((101000,101001),(101002,101003)),((101004,101005),(101006,101007)))@101,(((102000,102001),(102002,102003)),((102004,102005),(102006,102007)))@102),((((103000,103001),(103002,103003)),((103004,103005),(103006,103007)))@103,(((104000,104001),(104002,104003)),((104004,104005),(104006,104007)))@104)),(((((105000,105001),(105002,105003)),((105004,105005),(105006,105007)))@105,(((106000,106001),(106002,106003)),((106004,106005),(106006,106007)))@106),((((107000,107001),(107002,107003)),((107004,107005),(107006,107007)))@107,(((108000,108001),(108002,108003)),((108004,108005),(108006,108007)))@108)))|(((1,1),(0,1)),((1,1),(1,1)))|(((1,0),(1,0)),((1,0),(1,0)))|(((100,101),(102,103)),((104,105),(106,107)))|(((200,201),(202,203)),((204,205),(206,207)))|(((999000,999001),(999002,999003)),((999004,999005),(999006,999007)))@999|123|7:1;7:4;7:5;7:6;7:7;end
d4-Required:7:999|16:4:15|((((((((1000,1001),(1002,1003)),((1004,1005),(1006,1007))),(((1008,1009),(1010,1011)),((1012,1013),(1014,1015))))@1,none),(((((3000,3001),(3002,3003)),((3004,3005),(3006,3007))),(((3008,3009),(3010,3011)),((3012,3013),(3014,3015))))@3,((((4000,4001),(4002,4003)),((4004,4005),(4006,4007))),(((4008,4009),(4010,4011)),((4012,4013),(4014,4015))))@4)),((((((5000,5001),(5002,5003)),((5004,5005),(5006,5007))),(((5008,5009),(5010,5011)),((5012,5013),(5014,5015))))@5,((((6000,6001),(6002,6003)),((6004,6005),(6006,6007))),(((6008,6009),(6010,6011)),((6012,6013),(6014,6015))))@6),(((((7000,7001),(7002,7003)),((7004,7005),(7006,7007))),(((7008,7009),(7010,7011)),((7012,7013),(7014,7015))))@7,((((8000,8001),(8002,8003)),((8004,8005),(8006,8007))),(((8008,8009),(8010,8011)),((8012,8013),(8014,8015))))@8))),(((((((9000,9001),(9002,9003)),((9004,9005),(9006,9007))),(((9008,9009),(9010,9011)),((9012,9013),(9014,9015))))@9,((((10000,10001),(10002,10003)),((10004,10005),(10006,10007))),(((10008,10009),(10010,10011)),((10012,10013),(10014,10015))))@10),(((((11000,11001),(11002,11003)),((11004,11005),(11006,11007))),(((11008,11009),(11010,11011)),((11012,11013),(11014,11015))))@11,((((12000,12001),(12002,12003)),((12004,12005),(12006,12007))),(((12008,12009),(12010,12011)),((12012,12013),(12014,12015))))@12)),((((((13000,13001),(13002,13003)),((13004,13005),(13006,13007))),(((13008,13009),(13010,13011)),((13012,13013),(13014,13015))))@13,((((14000,14001),(14002,14003)),((14004,14005),(14006,14007))),(((14008,14009),(14010,14011)),((14012,14013),(14014,14015))))@14),(((((15000,15001),(15002,15003)),((15004,15005),(15006,15007))),(((15008,15009),(15010,15011)),((15012,15013),(15014,15015))))@15,((((16000,16001),(16002,16003)),((16004,16005),(16006,16007))),(((16008,16009),(16010,16011)),((16012,16013),(16014,16015))))@16))))|((((((((101000,101001),(101002,101003)),((101004,101005),(101006,101007))),(((101008,101009),(101010,101011)),((101012,101013),(101014,101015))))@101,((((102000,102001),(102002,102003)),((102004,102005),(102006,102007))),(((102008,102009),(102010,102011)),((102012,102013),(102014,102015))))@102),(((((103000,103001),(103002,103003)),((103004,103005),(103006,103007))),(((103008,103009),(103010,103011)),((103012,103013),(103014,103015))))@103,((((104000,104001),(104002,104003)),((104004,104005),(104006,104007))),(((104008,104009),(104010,104011)),((104012,104013),(104014,104015))))@104)),((((((105000,105001),(105002,105003)),((105004,105005),(105006,105007))),(((105008,105009),(105010,105011)),((105012,105013),(105014,105015))))@105,((((106000,106001),(106002,106003)),((106004,106005),(106006,106007))),(((106008,106009),(106010,106011)),((106012,106013),(106014,106015))))@106),(((((107000,107001),(107002,107003)),((107004,107005),(107006,107007))),(((107008,107009),(107010,107011)),((107012,107013),(107014,107015))))@107,((((108000,108001),(108002,108003)),((108004,108005),(108006,108007))),(((108008,108009),(108010,108011)),((108012,108013),(108014,108015))))@108))),(((((((109000,109001),(109002,109003)),((109004,109005),(109006,109007))),(((109008,109009),(109010,109011)),((109012,109013),(109014,109015))))@109,((((110000,110001),(110002,110003)),((110004,110005),(110006,110007))),(((110008,110009),(110010,110011)),((110012,110013),(110014,110015))))@110),(((((111000,111001),(111002,111003)),((111004,111005),(111006,111007))),(((111008,111009),(111010,111011)),((111012,111013),(111014,111015))))@111,((((112000,112001),(112002,112003)),((112004,112005),(112006,112007))),(((112008,112009),(112010,112011)),((112012,112013),(112014,112015))))@112)),((((((113000,113001),(113002,113003)),((113004,113005),(113006,113007))),(((113008,113009),(113010,113011)),((113012,113013),(113014,113015))))@113,((((114000,114001),(114002,114003)),((114004,114005),(114006,114007))),(((114008,114009),(114010,114011)),((114012,114013),(114014,114015))))@114),(((((115000,115001),(115002,115003)),((115004,115005),(115006,115007))),(((115008,115009),(115010,115011)),((115012,115013),(115014,115015))))@115,((((116000,116001),(116002,116003)),((116004,116005),(116006,116007))),(((116008,116009),(116010,116011)),((116012,116013),(116014,116015))))@116))))|((((1,1),(0,1)),((1,1),(1,1))),(((1,1),(1,1)),((1,1),(1,1))))|((((1,0),(1,0)),((1,0),(1,0))),(((1,0),(1,0)),((1,0),(1,0))))|((((100,101),(102,103)),((104,105),(106,107))),(((108,109),(110,111)),((112,113),(114,115))))|((((200,201),(202,203)),((204,205),(206,207))),(((208,209),(210,211)),((212,213),(214,215))))|((((999000,999001),(999002,999003)),((999004,999005),(999006,999007))),(((999008,999009),(999010,999011)),((999012,999013),(999014,999015))))@999|123|7:1;7:4;7:5;7:6;7:7;7:8;7:9;7:10;7:11;7:12;7:13;7:14;7:15;end
d4-Present:7:999|16:4:15|((((((((1000,1001),(1002,1003)),((1004,1005),(1006,1007))),(((1008,1009),(1010,1011)),((1012,1013),(1014,1015))))@1,none),(((((3000,3001),(3002,3003)),((3004,3005),(3006,3007))),(((3008,3009),(3010,3011)),((3012,3013),(3014,3015))))@3,((((4000,4001),(4002,4003)),((4004,4005),(4006,4007))),(((4008,4009),(4010,4011)),((4012,4013),(4014,4015))))@4)),((((((5000,5001),(5002,5003)),((5004,5005),(5006,5007))),(((5008,5009),(5010,5011)),((5012,5013),(5014,5015))))@5,((((6000,6001),(6002,6003)),((6004,6005),(6006,6007))),(((6008,6009),(6010,6011)),((6012,6013),(6014,6015))))@6),(((((7000,7001),(7002,7003)),((7004,7005),(7006,7007))),(((7008,7009),(7010,7011)),((7012,7013),(7014,7015))))@7,((((8000,8001),(8002,8003)),((8004,8005),(8006,8007))),(((8008,8009),(8010,8011)),((8012,8013),(8014,8015))))@8))),(((((((9000,9001),(9002,9003)),((9004,9005),(9006,9007))),(((9008,9009),(9010,9011)),((9012,9013),(9014,9015))))@9,((((10000,10001),(10002,10003)),((10004,10005),(10006,10007))),(((10008,10009),(10010,10011)),((10012,10013),(10014,10015))))@10),(((((11000,11001),(11002,11003)),((11004,11005),(11006,11007))),(((11008,11009),(11010,11011)),((11012,11013),(11014,11015))))@11,((((12000,12001),(12002,12003)),((12004,12005),(12006,12007))),(((12008,12009),(12010,12011)),((12012,12013),(12014,12015))))@12)),((((((13000,13001),(13002,13003)),((13004,13005),(13006,13007))),(((13008,13009),(13010,13011)),((13012,13013),(13014,13015))))@13,((((14000,14001),(14002,14003)),((14004,14005),(14006,14007))),(((14008,14009),(14010,14011)),((14012,14013),(14014,14015))))@14),(((((15000,15001),(15002,15003)),((15004,15005),(15006,15007))),(((15008,15009),(15010,15011)),((15012,15013),(15014,15015))))@15,((((16000,16001),(16002,16003)),((16004,16005),(16006,16007))),(((16008,16009),(16010,16011)),((16012,16013),(16014,16015))))@16))))|((((((((101000,101001),(101002,101003)),((101004,101005),(101006,101007))),(((101008,101009),(101010,101011)),((101012,101013),(101014,101015))))@101,((((102000,102001),(102002,102003)),((102004,102005),(102006,102007))),(((102008,102009),(102010,102011)),((102012,102013),(102014,102015))))@102),(((((103000,103001),(103002,103003)),((103004,103005),(103006,103007))),(((103008,103009),(103010,103011)),((103012,103013),(103014,103015))))@103,((((104000,104001),(104002,104003)),((104004,104005),(104006,104007))),(((104008,104009),(104010,104011)),((104012,104013),(104014,104015))))@104)),((((((105000,105001),(105002,105003)),((105004,105005),(105006,105007))),(((105008,105009),(105010,105011)),((105012,105013),(105014,105015))))@105,((((106000,106001),(106002,106003)),((106004,106005),(106006,106007))),(((106008,106009),(106010,106011)),((106012,106013),(106014,106015))))@106),(((((107000,107001),(107002,107003)),((107004,107005),(107006,107007))),(((107008,107009),(107010,107011)),((107012,107013),(107014,107015))))@107,((((108000,108001),(108002,108003)),((108004,108005),(108006,108007))),(((108008,108009),(108010,108011)),((108012,108013),(108014,108015))))@108))),(((((((109000,109001),(109002,109003)),((109004,109005),(109006,109007))),(((109008,109009),(109010,109011)),((109012,109013),(109014,109015))))@109,((((110000,110001),(110002,110003)),((110004,110005),(110006,110007))),(((110008,110009),(110010,110011)),((110012,110013),(110014,110015))))@110),(((((111000,111001),(111002,111003)),((111004,111005),(111006,111007))),(((111008,111009),(111010,111011)),((111012,111013),(111014,111015))))@111,((((112000,112001),(112002,112003)),((112004,112005),(112006,112007))),(((112008,112009),(112010,112011)),((112012,112013),(112014,112015))))@112)),((((((113000,113001),(113002,113003)),((113004,113005),(113006,113007))),(((113008,113009),(113010,113011)),((113012,113013),(113014,113015))))@113,((((114000,114001),(114002,114003)),((114004,114005),(114006,114007))),(((114008,114009),(114010,114011)),((114012,114013),(114014,114015))))@114),(((((115000,115001),(115002,115003)),((115004,115005),(115006,115007))),(((115008,115009),(115010,115011)),((115012,115013),(115014,115015))))@115,((((116000,116001),(116002,116003)),((116004,116005),(116006,116007))),(((116008,116009),(116010,116011)),((116012,116013),(116014,116015))))@116))))|((((1,1),(0,1)),((1,1),(1,1))),(((1,1),(1,1)),((1,1),(1,1))))|((((1,0),(1,0)),((1,0),(1,0))),(((1,0),(1,0)),((1,0),(1,0))))|((((100,101),(102,103)),((104,105),(106,107))),(((108,109),(110,111)),((112,113),(114,115))))|((((200,201),(202,203)),((204,205),(206,207))),(((208,209),(210,211)),((212,213),(214,215))))|((((999000,999001),(999002,999003)),((999004,999005),(999006,999007))),(((999008,999009),(999010,999011)),((999012,999013),(999014,999015))))@999|123|7:1;7:5;7:7;7:9;7:11;7:13;7:15;end
d4-Absent:7:999|16:4:15|((((((((1000,1001),(1002,1003)),((1004,1005),(1006,1007))),(((1008,1009),(1010,1011)),((1012,1013),(1014,1015))))@1,none),(((((3000,3001),(3002,3003)),((3004,3005),(3006,3007))),(((3008,3009),(3010,3011)),((3012,3013),(3014,3015))))@3,((((4000,4001),(4002,4003)),((4004,4005),(4006,4007))),(((4008,4009),(4010,4011)),((4012,4013),(4014,4015))))@4)),((((((5000,5001),(5002,5003)),((5004,5005),(5006,5007))),(((5008,5009),(5010,5011)),((5012,5013),(5014,5015))))@5,((((6000,6001),(6002,6003)),((6004,6005),(6006,6007))),(((6008,6009),(6010,6011)),((6012,6013),(6014,6015))))@6),(((((7000,7001),(7002,7003)),((7004,7005),(7006,7007))),(((7008,7009),(7010,7011)),((7012,7013),(7014,7015))))@7,((((8000,8001),(8002,8003)),((8004,8005),(8006,8007))),(((8008,8009),(8010,8011)),((8012,8013),(8014,8015))))@8))),(((((((9000,9001),(9002,9003)),((9004,9005),(9006,9007))),(((9008,9009),(9010,9011)),((9012,9013),(9014,9015))))@9,((((10000,10001),(10002,10003)),((10004,10005),(10006,10007))),(((10008,10009),(10010,10011)),((10012,10013),(10014,10015))))@10),(((((11000,11001),(11002,11003)),((11004,11005),(11006,11007))),(((11008,11009),(11010,11011)),((11012,11013),(11014,11015))))@11,((((12000,12001),(12002,12003)),((12004,12005),(12006,12007))),(((12008,12009),(12010,12011)),((12012,12013),(12014,12015))))@12)),((((((13000,13001),(13002,13003)),((13004,13005),(13006,13007))),(((13008,13009),(13010,13011)),((13012,13013),(13014,13015))))@13,((((14000,14001),(14002,14003)),((14004,14005),(14006,14007))),(((14008,14009),(14010,14011)),((14012,14013),(14014,14015))))@14),(((((15000,15001),(15002,15003)),((15004,15005),(15006,15007))),(((15008,15009),(15010,15011)),((15012,15013),(15014,15015))))@15,((((16000,16001),(16002,16003)),((16004,16005),(16006,16007))),(((16008,16009),(16010,16011)),((16012,16013),(16014,16015))))@16))))|((((((((101000,101001),(101002,101003)),((101004,101005),(101006,101007))),(((101008,101009),(101010,101011)),((101012,101013),(101014,101015))))@101,((((102000,102001),(102002,102003)),((102004,102005),(102006,102007))),(((102008,102009),(102010,102011)),((102012,102013),(102014,102015))))@102),(((((103000,103001),(103002,103003)),((103004,103005),(103006,103007))),(((103008,103009),(103010,103011)),((103012,103013),(103014,103015))))@103,((((104000,104001),(104002,104003)),((104004,104005),(104006,104007))),(((104008,104009),(104010,104011)),((104012,104013),(104014,104015))))@104)),((((((105000,105001),(105002,105003)),((105004,105005),(105006,105007))),(((105008,105009),(105010,105011)),((105012,105013),(105014,105015))))@105,((((106000,106001),(106002,106003)),((106004,106005),(106006,106007))),(((106008,106009),(106010,106011)),((106012,106013),(106014,106015))))@106),(((((107000,107001),(107002,107003)),((107004,107005),(107006,107007))),(((107008,107009),(107010,107011)),((107012,107013),(107014,107015))))@107,((((108000,108001),(108002,108003)),((108004,108005),(108006,108007))),(((108008,108009),(108010,108011)),((108012,108013),(108014,108015))))@108))),(((((((109000,109001),(109002,109003)),((109004,109005),(109006,109007))),(((109008,109009),(109010,109011)),((109012,109013),(109014,109015))))@109,((((110000,110001),(110002,110003)),((110004,110005),(110006,110007))),(((110008,110009),(110010,110011)),((110012,110013),(110014,110015))))@110),(((((111000,111001),(111002,111003)),((111004,111005),(111006,111007))),(((111008,111009),(111010,111011)),((111012,111013),(111014,111015))))@111,((((112000,112001),(112002,112003)),((112004,112005),(112006,112007))),(((112008,112009),(112010,112011)),((112012,112013),(112014,112015))))@112)),((((((113000,113001),(113002,113003)),((113004,113005),(113006,113007))),(((113008,113009),(113010,113011)),((113012,113013),(113014,113015))))@113,((((114000,114001),(114002,114003)),((114004,114005),(114006,114007))),(((114008,114009),(114010,114011)),((114012,114013),(114014,114015))))@114),(((((115000,115001),(115002,115003)),((115004,115005),(115006,115007))),(((115008,115009),(115010,115011)),((115012,115013),(115014,115015))))@115,((((116000,116001),(116002,116003)),((116004,116005),(116006,116007))),(((116008,116009),(116010,116011)),((116012,116013),(116014,116015))))@116))))|((((1,1),(0,1)),((1,1),(1,1))),(((1,1),(1,1)),((1,1),(1,1))))|((((1,0),(1,0)),((1,0),(1,0))),(((1,0),(1,0)),((1,0),(1,0))))|((((100,101),(102,103)),((104,105),(106,107))),(((108,109),(110,111)),((112,113),(114,115))))|((((200,201),(202,203)),((204,205),(206,207))),(((208,209),(210,211)),((212,213),(214,215))))|((((999000,999001),(999002,999003)),((999004,999005),(999006,999007))),(((999008,999009),(999010,999011)),((999012,999013),(999014,999015))))@999|123|7:4;7:6;7:8;7:10;7:12;7:14;end
d4-Optional:7:999|16:4:15|((((((((1000,1001),(1002,1003)),((1004,1005),(1006,1007))),(((1008,1009),(1010,1011)),((1012,1013),(1014,1015))))@1,none),(((((3000,3001),(3002,3003)),((3004,3005),(3006,3007))),(((3008,3009),(3010,3011)),((3012,3013),(3014,3015))))@3,((((4000,4001),(4002,4003)),((4004,4005),(4006,4007))),(((4008,4009),(4010,4011)),((4012,4013),(4014,4015))))@4)),((((((5000,5001),(5002,5003)),((5004,5005),(5006,5007))),(((5008,5009),(5010,5011)),((5012,5013),(5014,5015))))@5,((((6000,6001),(6002,6003)),((6004,6005),(6006,6007))),(((6008,6009),(6010,6011)),((6012,6013),(6014,6015))))@6),(((((7000,7001),(7002,7003)),((7004,7005),(7006,7007))),(((7008,7009),(7010,7011)),((7012,7013),(7014,7015))))@7,((((8000,8001),(8002,8003)),((8004,8005),(8006,8007))),(((8008,8009),(8010,8011)),((8012,8013),(8014,8015))))@8))),(((((((9000,9001),(9002,9003)),((9004,9005),(9006,9007))),(((9008,9009),(9010,9011)),((9012,9013),(9014,9015))))@9,((((10000,10001),(10002,10003)),((10004,10005),(10006,10007))),(((10008,10009),(10010,10011)),((10012,10013),(10014,10015))))@10),(((((11000,11001),(11002,11003)),((11004,11005),(11006,11007))),(((11008,11009),(11010,11011)),((11012,11013),(11014,11015))))@11,((((12000,12001),(12002,12003)),((12004,12005),(12006,12007))),(((12008,12009),(12010,12011)),((12012,12013),(12014,12015))))@12)),((((((13000,13001),(13002,13003)),((13004,13005),(13006,13007))),(((13008,13009),(13010,13011)),((13012,13013),(13014,13015))))@13,((((14000,14001),(14002,14003)),((14004,14005),(14006,14007))),(((14008,14009),(14010,14011)),((14012,14013),(14014,14015))))@14),(((((15000,15001),(15002,15003)),((15004,15005),(15006,15007))),(((15008,15009),(15010,15011)),((15012,15013),(15014,15015))))@15,((((16000,16001),(16002,16003)),((16004,16005),(16006,16007))),(((16008,16009),(16010,16011)),((16012,16013),(16014,16015))))@16))))|((((((((101000,101001),(101002,101003)),((101004,101005),(101006,101007))),(((101008,101009),(101010,101011)),((101012,101013),(101014,101015))))@101,((((102000,102001),(102002,102003)),((102004,102005),(102006,102007))),(((102008,102009),(102010,102011)),((102012,102013),(102014,102015))))@102),(((((103000,103001),(103002,103003)),((103004,103005),(103006,103007))),(((103008,103009),(103010,103011)),((103012,103013),(103014,103015))))@103,((((104000,104001),(104002,104003)),((104004,104005),(104006,104007))),(((104008,104009),(104010,104011)),((104012,104013),(104014,104015))))@104)),((((((105000,105001),(105002,105003)),((105004,105005),(105006,105007))),(((105008,105009),(105010,105011)),((105012,105013),(105014,105015))))@105,((((106000,106001),(106002,106003)),((106004,106005),(106006,106007))),(((106008,106009),(106010,106011)),((106012,106013),(106014,106015))))@106),(((((107000,107001),(107002,107003)),((107004,107005),(107006,107007))),(((107008,107009),(107010,107011)),((107012,107013),(107014,107015))))@107,((((108000,108001),(108002,108003)),((108004,108005),(108006,108007))),(((108008,108009),(108010,108011)),((108012,108013),(108014,108015))))@108))),(((((((109000,109001),(109002,109003)),((109004,109005),(109006,109007))),(((109008,109009),(109010,109011)),((109012,109013),(109014,109015))))@109,((((110000,110001),(110002,110003)),((110004,110005),(110006,110007))),(((110008,110009),(110010,110011)),((110012,110013),(110014,110015))))@110),(((((111000,111001),(111002,111003)),((111004,111005),(111006,111007))),(((111008,111009),(111010,111011)),((111012,111013),(111014,111015))))@111,((((112000,112001),(112002,112003)),((112004,112005),(112006,112007))),(((112008,112009),(112010,112011)),((112012,112013),(112014,112015))))@112)),((((((113000,113001),(113002,113003)),((113004,113005),(113006,113007))),(((113008,113009),(113010,113011)),((113012,113013),(113014,113015))))@113,((((114000,114001),(114002,114003)),((114004,114005),(114006,114007))),(((114008,114009),(114010,114011)),((114012,114013),(114014,114015))))@114),(((((115000,115001),(115002,115003)),((115004,115005),(115006,115007))),(((115008,115009),(115010,115011)),((115012,115013),(115014,115015))))@115,((((116000,116001),(116002,116003)),((116004,116005),(116006,116007))),(((116008,116009),(116010,116011)),((116012,116013),(116014,116015))))@116))))|((((1,1),(0,1)),((1,1),(1,1))),(((1,1),(1,1)),((1,1),(1,1))))|((((1,0),(1,0)),((1,0),(1,0))),(((1,0),(1,0)),((1,0),(1,0))))|((((100,101),(102,103)),((104,105),(106,107))),(((108,109),(110,111)),((112,113),(114,115))))|((((200,201),(202,203)),((204,205),(206,207))),(((208,209),(210,211)),((212,213),(214,215))))|((((999000,999001),(999002,999003)),((999004,999005),(999006,999007))),(((999008,999009),(999010,999011)),((999012,999013),(999014,999015))))@999|123|7:1;7:4;7:5;7:6;7:7;7:8;7:9;7:10;7:11;7:12;7:13;7:14;7:15;end
